33400170199
6109118
2875668
3792582
3032504
3301813
3303044
2849898
3261643
2934663
3546956
2847467
3648547
3026061
3522780
3428048
2594443
3132239
2720669
3326209
3272391
3004128
4107580
3772627
3401847
3187951
3683461
3149002
3282089
2589518
3710493
2949072
2604879
3368114
3314924
3522950
2449915
2848411
4383919
3445740
3709030
4085998
3304191
3307429
3430649
3079636
3311471
3761501
3407780
3792943
3934848
3230016
3175873
3890628
3796129
3917522
3602372
3445053
4043176
3590468
3890787
4435971
4282491
3115659
3832624
3874791
4552915
4178292
4417272
4302199
4082017
3938217
4665934
4346881
4119137
4468916
4373845
4251372
5473191
4642825
4897853
4426174
4196470
4367734
4441620
5816672
4818278
6005851
5309924
5783810
5876570
5556782
5400289
5684168
6184406
5640972
6521108
6365815
6025366
5440649
6070505
6506214
5916081
5821789
4963881
6254051
5181811
6622038
6471478
6217234
6884107
7073605
8335551
6945609
7426690
8120986
7959094
8223022
8219632
8662444
8698900
9300238
9678759
8183140
8748478
8944408
9135017
8621986
8601489
8988311
9604663
10583561
9478525
9663080
11541946
10392714
12624888
12003363
12595805
12350835
12883037
13550008
13729164
13481372
16072497
15470865
16224820
14630040
16557303
17354042
17936040
16986143
19506063
20719752
19574803
21910655
22302306
21091168
25969459
25276128
26884100
27718701
27230180
28838782
29754390
32209525
35964605
35509478
36916853
38566549
41265211
41740312
47076246
49854375
53799051
54393858
60837235
65035387
68946056
71111980
79358304
80871207
93728269
100218024
111049904
122929927
135952400
146852043
166230547
192427133
211932792
243759689
288562400
336104457
399229655
482993292
618042084
773444132
1006151956
1367429518
2011909984
3217243538
5902704155
14157353667
71405375042
1191544404233
32176452315
9466080951
4492436191
2605892263
1690568397
1180065223
879145488
677488910
537700642
435962193
361095271
300594256
262972507
225520536
199336236
175310092
149096758
133397174
121869655
107872502
99871529
91127331
80109306
78052141
71467190
67366709
59612196
53018170
54569020
47916721
45168247
44495383
37900819
40285599
36399163
33093752
33928539
30310027
30114418
26117303
25856621
24190329
25373201
22670813
22556432
21089484
20858605
19105657
20061408
17863694
17747850
16127552
16241530
14703022
14751806
12944045
14031468
14084728
11972691
12915003
11528016
10810581
11062353
11016703
9100888
10663374
10645067
10093457
8653045
8199235
9348733
8412126
7036864
8287725
7203925
8126393
6924619
6830862
5679981
7055644
6691815
6315414
6113841
6124510
6122582
6629344
5308653
5666065
5775601
6251616
5133202
4523562
5807799
4480437
5122647
5304890
4295621
4528887
4074764
4898631
4429578
4219930
4508511
4615884
4742513
3760766
4007710
4647099
3346998
3418016
3806583
3215023
3911019
3190999
3227614
2890679
3784825
3264568
3081088
3838279
3412395
3306327
3426674
3128227
2867007
2986732
2336263
3508614
3175549
2044697
2915429
2946984
3308256
2825334
2337958
2750896
2488922
2327039
2802596
2430464
1898580
2245296
2112791
2762932
2472406
2022220
2762756
1906845
1935620
2101735
2483321
2610502
2183767
1976091
2378907
2127263
2134191
1848004
1606992
2047596
2314077
1563823
2255407
1631107
2263938
1779350
2346078
1590554
1544896
1557668
1477434
1545210
1524251
1551158
1413482
1402852
1469159
1848570
1668411
1711131
1638425
1405771
1428767
1718010
1588524
1823778
1764534
1663937
1883083
1440577
1392811
1594246
1541084
1108894
1458725
989227
1244780
1438352
1862433
1577986
1872564
1431409
1507243
1869520
5993875
1816973
1634206
1515990
1607609
1461858
1485340
1465805
1461436
1547550
1785582
1725435
1587033
1115082
1451539
1409871
874489
1115956
1438246
1295173
1027463
1458006
1271461
1648271
1441688
1478924
1363632
1165147
1408215
1113834
1467650
1182729
1092676
1095027
1058683
1058773
956846
857333
815036
1300801
1452311
1081170
1107432
1481972
1424646
1455574
1500336
1142508
1056677
1187827
773520
1093709
1384083
1087145
955871
1879635
1421907
868467
1278636
884698
1038992
996447
1305461
977342
1087321
855792
983620
1025376
868696
947840
825837
1051518
1162093
1060113
1115756
1277251
987530
1049771
1170982
981092
1049600
1021745
1008109
835113
1051357
1436293
1042309
1261788
824867
1088211
1259350
1331233
1336661
1394295
1292311
1024667
1011280
1018290
797989
908975
811652
1110028
1151640
1094862
791176
896214
792640
1013577
1016208
1014634
1292531
1444591
1367188
1334363
1254483
1116761
829196
1297396
1048127
1428451
1046313
828669
998291
1059312
1050880
1011639
1165183
1066143
969657
1287150
1101149
1069418
1147769
1058280
826739
966194
873728
1000694
986159
853047
1097947
988160
1310542
1009754
1016699
869237
1267757
862108
1409691
1904493
956236
1084959
1353172
1099552
778589
1202560
1046853
1132106
1503204
1463317
1413224
1453732
1113259
1068651
1432963
1312075
814640
865835
929447
1047996
1064052
1092307
1086301
1166873
1468118
1130417
1406757
1146336
1360001
1451036
1448235
1639309
1276381
1467770
1021486
1288718
1441916
1098352
861458
1408519
1439520
1130434
1575174
1727478
1784085
1531776
1448766
1461432
1488844
1475863
1582914
1512673
1622229
1825322
6025873
1875373
1510561
1434579
1861447
1580710
1871994
1435766
1251223
973409
1455743
1119517
1540006
1575930
1392002
1456006
1878592
1647168
1741076
1834870
1578899
1750032
1425934
1408328
1621741
1728798
1666345
1826771
1456391
1406945
1394065
1540308
1516450
1521410
1476272
1521795
1533377
1614391
2333653
1772816
2249364
1599476
2246533
1554645
2328784
2045752
1609455
1833330
2175920
2144111
2390763
1975032
2155119
2642487
2472382
2133976
1921179
1897668
2754612
1991289
2467944
2747694
2100890
2226529
1906133
2421810
2788589
2343665
2480591
2743092
2330050
2810347
3305099
2914826
2906647
2050315
3140740
3462100
2337768
2967615
2850285
3101100
3440312
3309095
3483744
3872787
3074223
3224541
3751076
2892601
3225400
3180061
3930595
3245456
3809148
3460608
3361272
4577494
3976960
3747650
4754671
4584675
4506686
4229001
4395271
4913875
4070459
4475555
4286089
5319367
5102936
4465090
5829246
4485913
5139327
6265948
5731499
5651844
5293876
6628516
6197362
6144402
6113119
6322238
6642945
7084055
5695330
6855157
6944054
8080821
7151896
8243962
7009780
8397893
9344735
8138011
8600299
10153911
10650179
10723908
9183791
10990247
11068146
10777015
11562545
12784629
12002853
14082601
13952428
13018816
14715449
14647165
16198260
16160354
17747850
17813588
19971754
19009414
20806234
21137961
22661144
22664180
25350419
24169507
25746984
26151281
30029837
30287655
34052008
33025502
36408303
40355729
37891473
44527411
45127541
48077466
54513316
52989757
59516209
67165725
71557635
78060610
80163057
91209868
99897967
107762746
121902025
133413526
149374070
175144876
199301165
225317489
262969281
300327820
361055106
435928654
537216283
677300885
879247431
1179018246
1690570373
2605652235
4492472524
9467434007
32178846930
1191546799078
71406533543
14156285320
5903293949
3216774982
2011971314
1366435071
1006878522
774305824
618001759
482927071
399230099
335931231
288572554
243490795
212083065
192268888
166088876
146837939
136216147
122734987
110951306
100489855
93604439
81094112
79340391
71324178
69096141
65188605
60875157
54444032
53834564
50017222
47057826
41671224
41290150
38544507
36974800
35646988
35913428
32147356
29832327
28796796
27230798
27844440
26894356
25322385
26047148
21040955
22335605
21958706
19529875
20769183
19533175
17023767
18004403
17337064
16538648
14603340
16315365
15414151
16096039
13567019
13817078
13447590
12866754
12369930
12657240
12057560
12681662
10361618
11510511
9667062
9501874
10544116
9618207
9046950
8602215
8689135
9090293
8898999
8751103
8133010
9695632
9290858
8688914
8633381
8158707
8238849
7952383
8091426
7370820
6940394
8309305
7017531
6915200
6208912
6483413
6607186
5213964
6240501
4964623
5913160
5938231
6543961
6087050
5476170
6044989
6369762
6532596
5662169
6190896
5718542
5412370
5565667
5867505
5815950
5311343
6054927
4868449
5808968
4440898
4385973
4228383
4493326
4889661
4679799
5431076
4255916
4379040
4472083
4132819
4308746
4672006
3925621
4111844
4269659
4414055
4195757
4539854
3889333
3834324
3113733
4255027
4435026
3880024
3567720
4039790
3470702
3613528
3890744
3795685
3850203
3166368
3176885
3951623
3821297
3416035
3768823
3303819
3070955
3418732
3277854
3321296
4082019
3704897
3439910
4391269
2879276
2462852
3560960
3284144
3323656
2592937
2879926
3708837
2603665
3286008
3164767
3725626
3234439
3406190
3745296
4102280
3029765
3292617
3329009
2774281
3132193
2594969
3388712
3494567
3060039
3666270
2841869
3577249
2962143
3227847
2799347
3298244
3332730
3036265
3678783
2938796
6806877
